time= 1455210060033596
datetime= 2016-02-11 12:01:00
phi= -0.076392
theta= 0.025460
psi= 2.091815
fix= 127
utm_east= 34883257
utm_north= 594581044
utm_zone= 12
speed= 897
week= 2004
itow= 83579058
z= 90.977661
z_rate= 0.000000
gps_alt= 696669
gps_alt_rate= -1
roll_rate= -0.000117
yaw_rate= -0.000195
pitch_rate= -0.000030
