time= 1455210060427382
datetime= 2016-02-11 12:01:00
phi= -0.202207
theta= 0.043759
psi= 2.053099
fix= 127
utm_east= 34883524
utm_north= 594580809
utm_zone= 12
speed= 656
week= 2004
itow= 83579453
z= 90.441513
z_rate= -0.003560
gps_alt= 696127
gps_alt_rate= -1
roll_rate= -0.000012
yaw_rate= -0.000009
pitch_rate= -0.000042
