time= 1455210060818201
datetime= 2016-02-11 12:01:00
phi= -0.156974
theta= 0.030696
psi= 2.034165
fix= 127
utm_east= 34883804
utm_north= 594580586
utm_zone= 12
speed= 950
week= 2004
itow= 83579844
z= 89.780411
z_rate= -0.004202
gps_alt= 695507
gps_alt_rate= -1
roll_rate= 0.000175
yaw_rate= 0.000039
pitch_rate= 0.000006
