time= 1455210061207824
datetime= 2016-02-11 12:01:01
phi= -0.132685
theta= 0.033626
psi= 2.017287
fix= 127
utm_east= 34884108
utm_north= 594580374
utm_zone= 12
speed= 967
week= 2004
itow= 83580235
z= 89.121582
z_rate= 0.000000
gps_alt= 694963
gps_alt_rate= -1
roll_rate= 0.000418
yaw_rate= -0.000111
pitch_rate= -0.000106
