time= 1455210061605552
datetime= 2016-02-11 12:01:01
phi= -0.048433
theta= 0.044470
psi= 2.027572
fix= 127
utm_east= 34884435
utm_north= 594580177
utm_zone= 12
speed= 983
week= 2004
itow= 83580632
z= 88.716881
z_rate= -0.002067
gps_alt= 694535
gps_alt_rate= 0
roll_rate= 0.000065
yaw_rate= 0.000094
pitch_rate= 0.000060
