time= 1455210061994555
datetime= 2016-02-11 12:01:01
phi= -0.024880
theta= 0.079918
psi= 2.036972
fix= 127
utm_east= 34884765
utm_north= 594579993
utm_zone= 12
speed= 988
week= 2004
itow= 83581019
z= 88.237732
z_rate= -0.000000
gps_alt= 694097
gps_alt_rate= -1
roll_rate= 0.000244
yaw_rate= -0.000073
pitch_rate= 0.000022
