time= 1455210062383095
datetime= 2016-02-11 12:01:02
phi= -0.026060
theta= 0.064248
psi= 2.015378
fix= 127
utm_east= 34885100
utm_north= 594579808
utm_zone= 12
speed= 726
week= 2004
itow= 83581410
z= 87.884033
z_rate= -0.000000
gps_alt= 693490
gps_alt_rate= -1
roll_rate= -0.000172
yaw_rate= -0.000004
pitch_rate= 0.000010
