time= 1455210062772089
datetime= 2016-02-11 12:01:02
phi= 0.027658
theta= 0.063032
psi= 2.035707
fix= 127
utm_east= 34885436
utm_north= 594579632
utm_zone= 12
speed= 1243
week= 2004
itow= 83581800
z= 87.097595
z_rate= -0.000000
gps_alt= 692878
gps_alt_rate= -1
roll_rate= -0.000120
yaw_rate= 0.000060
pitch_rate= -0.000015
