time= 1455210063165530
datetime= 2016-02-11 12:01:03
phi= 0.048664
theta= 0.067124
psi= 2.045743
fix= 127
utm_east= 34885773
utm_north= 594579452
utm_zone= 12
speed= 713
week= 2004
itow= 83582193
z= 86.367538
z_rate= -0.004352
gps_alt= 692225
gps_alt_rate= -1
roll_rate= 0.000051
yaw_rate= -0.000011
pitch_rate= 0.000002
