time= 1455210063554179
datetime= 2016-02-11 12:01:03
phi= 0.044391
theta= 0.063175
psi= 2.057028
fix= 127
utm_east= 34886099
utm_north= 594579271
utm_zone= 12
speed= 1241
week= 2004
itow= 83582582
z= 85.730469
z_rate= -0.000000
gps_alt= 691473
gps_alt_rate= -2
roll_rate= 0.000010
yaw_rate= 0.000080
pitch_rate= -0.000025
