time= 1455210063942640
datetime= 2016-02-11 12:01:03
phi= 0.052162
theta= 0.058553
psi= 2.077518
fix= 127
utm_east= 34886418
utm_north= 594579087
utm_zone= 12
speed= 708
week= 2004
itow= 83582968
z= 84.789062
z_rate= 0.000000
gps_alt= 690647
gps_alt_rate= -2
roll_rate= 0.000222
yaw_rate= -0.000001
pitch_rate= -0.000046
