time= 1455210064330986
datetime= 2016-02-11 12:01:04
phi= 0.024929
theta= 0.027666
psi= 2.094548
fix= 127
utm_east= 34886731
utm_north= 594578900
utm_zone= 12
speed= 950
week= 2004
itow= 83583355
z= 84.247986
z_rate= 0.000000
gps_alt= 689807
gps_alt_rate= -2
roll_rate= -0.000073
yaw_rate= 0.000052
pitch_rate= -0.000101
