time= 1455210064725488
datetime= 2016-02-11 12:01:04
phi= 0.018438
theta= 0.022462
psi= 2.091878
fix= 127
utm_east= 34887049
utm_north= 594578703
utm_zone= 12
speed= 964
week= 2004
itow= 83583752
z= 83.137512
z_rate= 0.000000
gps_alt= 688961
gps_alt_rate= -2
roll_rate= -0.000057
yaw_rate= -0.000120
pitch_rate= 0.000045
