time= 1455210065114334
datetime= 2016-02-11 12:01:05
phi= 0.007237
theta= 0.028044
psi= 2.052747
fix= 127
utm_east= 34887361
utm_north= 594578498
utm_zone= 12
speed= 981
week= 2004
itow= 83584141
z= 82.468727
z_rate= -0.005362
gps_alt= 688090
gps_alt_rate= -2
roll_rate= 0.000198
yaw_rate= 0.000111
pitch_rate= 0.000040
