time= 1455210065502886
datetime= 2016-02-11 12:01:05
phi= 0.038192
theta= 0.038889
psi= 2.089364
fix= 127
utm_east= 34887672
utm_north= 594578286
utm_zone= 12
speed= 1270
week= 2004
itow= 83584527
z= 81.355347
z_rate= 0.000000
gps_alt= 687187
gps_alt_rate= -2
roll_rate= -0.000057
yaw_rate= 0.000032
pitch_rate= 0.000046
