time= 1455210065892102
datetime= 2016-02-11 12:01:05
phi= 0.016601
theta= 0.051411
psi= 2.103564
fix= 127
utm_east= 34887990
utm_north= 594578063
utm_zone= 12
speed= 733
week= 2004
itow= 83584920
z= 80.251587
z_rate= 0.000000
gps_alt= 686231
gps_alt_rate= -2
roll_rate= 0.000167
yaw_rate= -0.000011
pitch_rate= 0.000005
