time= 1455210066281104
datetime= 2016-02-11 12:01:06
phi= 0.040311
theta= 0.043457
psi= 2.125439
fix= 127
utm_east= 34888299
utm_north= 594577839
utm_zone= 12
speed= 1255
week= 2004
itow= 83585308
z= 79.667358
z_rate= -0.000000
gps_alt= 685363
gps_alt_rate= -2
roll_rate= -0.000001
yaw_rate= 0.000121
pitch_rate= 0.000029
