time= 1455210066669970
datetime= 2016-02-11 12:01:06
phi= 0.026425
theta= 0.055699
psi= 2.159919
fix= 127
utm_east= 34888605
utm_north= 594577608
utm_zone= 12
speed= 710
week= 2004
itow= 83585697
z= 78.627983
z_rate= -0.004641
gps_alt= 684439
gps_alt_rate= -2
roll_rate= -0.000000
yaw_rate= -0.000009
pitch_rate= 0.000008
