time= 1455210067058947
datetime= 2016-02-11 12:01:07
phi= -0.034659
theta= 0.045909
psi= 2.162840
fix= 127
utm_east= 34888908
utm_north= 594577374
utm_zone= 12
speed= 999
week= 2004
itow= 83586084
z= 77.838379
z_rate= -0.000000
gps_alt= 683415
gps_alt_rate= -2
roll_rate= -0.000215
yaw_rate= 0.000071
pitch_rate= 0.000021
