time= 1455210067447932
datetime= 2016-02-11 12:01:07
phi= -0.101258
theta= 0.049918
psi= 2.167819
fix= 127
utm_east= 34889212
utm_north= 594577129
utm_zone= 12
speed= 733
week= 2004
itow= 83586475
z= 76.763779
z_rate= -0.007693
gps_alt= 682374
gps_alt_rate= -2
roll_rate= 0.000021
yaw_rate= -0.000101
pitch_rate= 0.000011
