time= 1455210067836800
datetime= 2016-02-11 12:01:07
phi= -0.054946
theta= 0.044097
psi= 2.103961
fix= 127
utm_east= 34889514
utm_north= 594576891
utm_zone= 12
speed= 996
week= 2004
itow= 83586864
z= 75.643295
z_rate= -0.006845
gps_alt= 681433
gps_alt_rate= -2
roll_rate= 0.000126
yaw_rate= -0.000143
pitch_rate= -0.000029
