time= 1455210135858978
datetime= 2016-02-11 12:02:15
phi= 0.013430
theta= 0.073048
psi= 1.561063
fix= 127
utm_east= 34878609
utm_north= 594577110
utm_zone= 12
speed= 1269
week= 2004
itow= 83654884
z= 45.023003
z_rate= -0.000899
gps_alt= 651047
gps_alt_rate= 0
roll_rate= 0.000018
yaw_rate= 0.000023
pitch_rate= 0.000049
