time= 1455210136295450
datetime= 2016-02-11 12:02:16
phi= -0.016839
theta= 0.084481
psi= 1.571309
fix= 127
utm_east= 34879158
utm_north= 594577081
utm_zone= 12
speed= 1262
week= 2004
itow= 83655320
z= 44.933472
z_rate= 0.000000
gps_alt= 650901
gps_alt_rate= 0
roll_rate= -0.000011
yaw_rate= 0.000117
pitch_rate= -0.000008
