time= 1455210136727346
datetime= 2016-02-11 12:02:16
phi= 0.009489
theta= 0.076885
psi= 1.612928
fix= 127
utm_east= 34879710
utm_north= 594577048
utm_zone= 12
speed= 1270
week= 2004
itow= 83655756
z= 44.745911
z_rate= 0.000000
gps_alt= 650772
gps_alt_rate= 0
roll_rate= 0.000230
yaw_rate= 0.000026
pitch_rate= -0.000017
