time= 1455210137153334
datetime= 2016-02-11 12:02:17
phi= 0.036617
theta= 0.078631
psi= 1.630839
fix= 127
utm_east= 34880246
utm_north= 594577007
utm_zone= 12
speed= 1001
week= 2004
itow= 83656182
z= 44.692165
z_rate= -0.000235
gps_alt= 650695
gps_alt_rate= 0
roll_rate= 0.000019
yaw_rate= 0.000051
pitch_rate= 0.000051
