time= 1455210137581616
datetime= 2016-02-11 12:02:17
phi= -0.006598
theta= 0.086664
psi= 1.617577
fix= 127
utm_east= 34880774
utm_north= 594576952
utm_zone= 12
speed= 1249
week= 2004
itow= 83656608
z= 44.657959
z_rate= -0.000000
gps_alt= 650632
gps_alt_rate= 0
roll_rate= -0.000213
yaw_rate= -0.000028
pitch_rate= 0.000047
