time= 1455210138009498
datetime= 2016-02-11 12:02:18
phi= -0.024605
theta= 0.092554
psi= 1.588325
fix= 127
utm_east= 34881305
utm_north= 594576888
utm_zone= 12
speed= 1245
week= 2004
itow= 83657038
z= 44.657532
z_rate= 0.000000
gps_alt= 650733
gps_alt_rate= 0
roll_rate= 0.000064
yaw_rate= -0.000109
pitch_rate= 0.000021
