time= 1455210138415934
datetime= 2016-02-11 12:02:18
phi= -0.001907
theta= 0.096613
psi= 1.570685
fix= 127
utm_east= 34881802
utm_north= 594576829
utm_zone= 12
speed= 987
week= 2004
itow= 83657441
z= 44.765297
z_rate= 0.000678
gps_alt= 650858
gps_alt_rate= 0
roll_rate= 0.000010
yaw_rate= 0.000098
pitch_rate= 0.000062
