time= 1455210138816575
datetime= 2016-02-11 12:02:18
phi= 0.007532
theta= 0.098350
psi= 1.623893
fix= 127
utm_east= 34882293
utm_north= 594576763
utm_zone= 12
speed= 1495
week= 2004
itow= 83657843
z= 44.873524
z_rate= 0.000129
gps_alt= 650878
gps_alt_rate= 0
roll_rate= 0.000131
yaw_rate= 0.000194
pitch_rate= -0.000030
