time= 1455210139215849
datetime= 2016-02-11 12:02:19
phi= 0.059564
theta= 0.092100
psi= 1.681572
fix= 127
utm_east= 34882775
utm_north= 594576692
utm_zone= 12
speed= 951
week= 2004
itow= 83658244
z= 44.905579
z_rate= 0.000000
gps_alt= 650882
gps_alt_rate= 0
roll_rate= 0.000013
yaw_rate= 0.000013
pitch_rate= 0.000009
