time= 1455210139615452
datetime= 2016-02-11 12:02:19
phi= 0.018938
theta= 0.083502
psi= 1.674237
fix= 127
utm_east= 34883249
utm_north= 594576619
utm_zone= 12
speed= 949
week= 2004
itow= 83658644
z= 44.948807
z_rate= 0.000137
gps_alt= 650952
gps_alt_rate= 0
roll_rate= -0.000135
yaw_rate= -0.000044
pitch_rate= -0.000052
