time= 1455210140015825
datetime= 2016-02-11 12:02:20
phi= -0.026800
theta= 0.073928
psi= 1.674164
fix= 127
utm_east= 34883717
utm_north= 594576539
utm_zone= 12
speed= 1460
week= 2004
itow= 83659042
z= 45.016541
z_rate= 0.000000
gps_alt= 651075
gps_alt_rate= 0
roll_rate= 0.000195
yaw_rate= 0.000025
pitch_rate= -0.000032
