time= 1455210140415453
datetime= 2016-02-11 12:02:20
phi= 0.009073
theta= 0.067588
psi= 1.691715
fix= 127
utm_east= 34884181
utm_north= 594576449
utm_zone= 12
speed= 928
week= 2004
itow= 83659442
z= 45.166344
z_rate= 0.001765
gps_alt= 651259
gps_alt_rate= 0
roll_rate= 0.000466
yaw_rate= 0.000039
pitch_rate= -0.000009
