time= 1455210140825825
datetime= 2016-02-11 12:02:20
phi= 0.107461
theta= 0.070546
psi= 1.708932
fix= 127
utm_east= 34884661
utm_north= 594576352
utm_zone= 12
speed= 1465
week= 2004
itow= 83659854
z= 45.482677
z_rate= 0.001413
gps_alt= 651504
gps_alt_rate= 0
roll_rate= 0.000014
yaw_rate= 0.000122
pitch_rate= -0.000006
