time= 1455210141225561
datetime= 2016-02-11 12:02:21
phi= 0.079131
theta= 0.063599
psi= 1.776777
fix= 127
utm_east= 34885127
utm_north= 594576245
utm_zone= 12
speed= 1457
week= 2004
itow= 83660253
z= 45.679749
z_rate= 0.000000
gps_alt= 651681
gps_alt_rate= 0
roll_rate= -0.000085
yaw_rate= 0.000133
pitch_rate= 0.000057
