time= 1455210141625776
datetime= 2016-02-11 12:02:21
phi= 0.116654
theta= 0.076033
psi= 1.807865
fix= 127
utm_east= 34885582
utm_north= 594576115
utm_zone= 12
speed= 1186
week= 2004
itow= 83660652
z= 45.961246
z_rate= 0.001451
gps_alt= 652020
gps_alt_rate= 0
roll_rate= -0.000004
yaw_rate= 0.000154
pitch_rate= 0.000023
