time= 1455210142024149
datetime= 2016-02-11 12:02:22
phi= 0.092559
theta= 0.089528
psi= 1.887136
fix= 127
utm_east= 34886026
utm_north= 594575971
utm_zone= 12
speed= 1440
week= 2004
itow= 83661050
z= 46.267212
z_rate= 0.000000
gps_alt= 652281
gps_alt_rate= 0
roll_rate= -0.000119
yaw_rate= 0.000226
pitch_rate= 0.000012
