time= 1455210142455553
datetime= 2016-02-11 12:02:22
phi= 0.075738
theta= 0.089435
psi= 1.972909
fix= 127
utm_east= 34886498
utm_north= 594575797
utm_zone= 12
speed= 900
week= 2004
itow= 83661482
z= 46.665508
z_rate= 0.002957
gps_alt= 652700
gps_alt_rate= 1
roll_rate= 0.000174
yaw_rate= 0.000160
pitch_rate= 0.000002
