time= 1455210142878174
datetime= 2016-02-11 12:02:22
phi= 0.154437
theta= 0.070289
psi= 1.994717
fix= 127
utm_east= 34886945
utm_north= 594575616
utm_zone= 12
speed= 857
week= 2004
itow= 83661906
z= 47.170250
z_rate= 0.002589
gps_alt= 653039
gps_alt_rate= 0
roll_rate= 0.000083
yaw_rate= -0.000047
pitch_rate= -0.000105
