time= -529005981
phi= 0.445011
psi= 3.791393
theta= -0.025836
alt= 1997988.375000
course= 0.000000
speed= 0.000000
utm_east= 304787.781250
utm_north= 5376464.000000
pixel_per_meter= nan
ppm_difference= -0.425102
