time= -528004974
phi= 0.293255
psi= 4.393513
theta= 0.103825
alt= 1997992.750000
course= 0.000000
speed= 0.000000
utm_east= 304787.375000
utm_north= 5376463.000000
pixel_per_meter= nan
ppm_difference= -73.221375
