time= -527004120
phi= 0.195853
psi= 4.710041
theta= 0.180395
alt= 1997997.000000
course= 0.000000
speed= 0.000000
utm_east= 304787.000000
utm_north= 5376462.500000
pixel_per_meter= nan
ppm_difference= -8150.487305
