time= -617299621
phi= 0.473761
psi= 1.806234
theta= 0.121301
alt= 1997604.250000
course= 0.000000
speed= 0.000000
utm_east= 304821.906250
utm_north= 5376535.500000
pixel_per_meter= nan
ppm_difference= -7.427816
