time= -616300079
phi= 1.052391
psi= 2.067732
theta= -0.029130
alt= 1997608.625000
course= 0.000000
speed= 0.000000
utm_east= 304821.500000
utm_north= 5376534.500000
pixel_per_meter= nan
ppm_difference= -0.926563
