time= -632328125
phi= 0.186655
psi= 1.718712
theta= 0.067179
alt= 1997558.000000
course= 0.000000
speed= 0.000000
utm_east= 304747.562500
utm_north= 5376581.000000
pixel_per_meter= nan
ppm_difference= -20.785168
