time= -611293487
phi= 0.249992
psi= 4.524771
theta= 0.442134
alt= 1997630.375000
course= 0.000000
speed= 0.000000
utm_east= 304819.562500
utm_north= 5376530.500000
pixel_per_meter= nan
ppm_difference= -194633.890625
