time= -606286407
phi= -0.001971
psi= 5.088749
theta= 0.049751
alt= 1997652.125000
course= 0.000000
speed= 0.000000
utm_east= 304817.625000
utm_north= 5376526.500000
pixel_per_meter= 0.000647
ppm_difference= 7.184099
