time= -605286621
phi= 0.208299
psi= 5.036054
theta= 0.055920
alt= 1997656.500000
course= 0.000000
speed= 0.000000
utm_east= 304817.250000
utm_north= 5376525.500000
pixel_per_meter= 0.000559
ppm_difference= 9.632746
