time= -602284332
phi= 0.262317
psi= 4.887166
theta= 0.074513
alt= 1997669.625000
course= 0.000000
speed= 0.000000
utm_east= 304816.093750
utm_north= 5376523.000000
pixel_per_meter= 0.000313
ppm_difference= 30.760180
