time= -601282379
phi= 0.340596
psi= 4.946295
theta= 0.033978
alt= 1997673.875000
course= 0.000000
speed= 0.000000
utm_east= 304815.718750
utm_north= 5376522.500000
pixel_per_meter= 0.000409
ppm_difference= 17.922812
