time= -599280334
phi= 0.135493
psi= 5.006514
theta= 0.041856
alt= 1997682.625000
course= 0.000000
speed= 0.000000
utm_east= 304814.937500
utm_north= 5376521.000000
pixel_per_meter= 0.000509
ppm_difference= 11.581359
