time= -630327270
phi= 0.111061
psi= 2.195139
theta= -0.002560
alt= 1997558.000000
course= 0.000000
speed= 0.000000
utm_east= 304783.250000
utm_north= 5376564.000000
pixel_per_meter= nan
ppm_difference= -0.419821
