time= -592274566
phi= -1.097254
psi= 5.471056
theta= 0.244196
alt= 1997713.125000
course= 0.000000
speed= 0.000000
utm_east= 304812.218750
utm_north= 5376515.000000
pixel_per_meter= 0.001161
ppm_difference= 2.228381
