time= -589273773
phi= -0.853627
psi= 5.382394
theta= 0.594625
alt= 1997726.125000
course= 0.000000
speed= 0.000000
utm_east= 304811.062500
utm_north= 5376512.500000
pixel_per_meter= 0.000812
ppm_difference= 4.551894
