time= -584269775
phi= -1.231365
psi= 5.183459
theta= 1.198566
alt= 1997747.875000
course= 0.000000
speed= 0.000000
utm_east= 304809.125000
utm_north= 5376508.500000
pixel_per_meter= 0.000144
ppm_difference= 145.605835
