time= -583268615
phi= -0.647432
psi= 5.599611
theta= 1.003181
alt= 1997752.250000
course= 0.000000
speed= 0.000000
utm_east= 304808.750000
utm_north= 5376508.000000
pixel_per_meter= 0.000511
ppm_difference= 11.514196
