time= -579285247
phi= 1.467384
psi= 0.529817
theta= 0.416588
alt= 1997769.625000
course= 0.000000
speed= 0.000000
utm_east= 304807.218750
utm_north= 5376504.500000
pixel_per_meter= 0.001121
ppm_difference= 2.392517
