time= -575248443
phi= 0.420950
psi= 2.672074
theta= -0.528363
alt= 1997787.125000
course= 0.000000
speed= 0.000000
utm_east= 304805.656250
utm_north= 5376501.500000
pixel_per_meter= nan
ppm_difference= -0.021687
