time= -628311828
phi= 0.136839
psi= 2.458129
theta= 0.023459
alt= 1997558.000000
course= 0.000000
speed= 0.000000
utm_east= 304819.187500
utm_north= 5376547.000000
pixel_per_meter= nan
ppm_difference= -0.087014
