time= -574251739
phi= -0.042858
psi= 3.607955
theta= -0.411878
alt= 1997791.500000
course= 0.000000
speed= 0.000000
utm_east= 304805.250000
utm_north= 5376500.500000
pixel_per_meter= nan
ppm_difference= -0.208769
