time= -567039917
phi= 0.214580
psi= 5.243690
theta= -0.301946
alt= 1997822.875000
course= 0.000000
speed= 0.000000
utm_east= 304802.468750
utm_north= 5376494.500000
pixel_per_meter= 0.000840
ppm_difference= 4.255210
