time= -564037567
phi= 0.112185
psi= 5.284788
theta= -0.076752
alt= 1997836.000000
course= 0.000000
speed= 0.000000
utm_east= 304801.312500
utm_north= 5376492.500000
pixel_per_meter= 0.000960
ppm_difference= 3.262983
