time= -560031677
phi= 0.049213
psi= 5.179106
theta= -0.169314
alt= 1997853.375000
course= 0.000000
speed= 0.000000
utm_east= 304799.750000
utm_north= 5376489.000000
pixel_per_meter= 0.000777
ppm_difference= 4.974250
