time= -558027679
phi= 0.074318
psi= 5.297822
theta= -0.131690
alt= 1997862.125000
course= 0.000000
speed= 0.000000
utm_east= 304799.000000
utm_north= 5376487.500000
pixel_per_meter= 0.000971
ppm_difference= 3.188250
