time= -556026031
phi= -0.122569
psi= 5.296752
theta= 0.009200
alt= 1997870.750000
course= 0.000000
speed= 0.000000
utm_east= 304798.218750
utm_north= 5376486.000000
pixel_per_meter= 0.000985
ppm_difference= 3.098705
