time= -554024444
phi= 0.087054
psi= 5.622178
theta= -0.105044
alt= 1997879.500000
course= 0.000000
speed= 0.000000
utm_east= 304797.437500
utm_north= 5376484.000000
pixel_per_meter= 0.001411
ppm_difference= 1.509839
