time= -553024810
phi= 0.316311
psi= 5.769634
theta= 0.126300
alt= 1997883.875000
course= 0.000000
speed= 0.000000
utm_east= 304797.062500
utm_north= 5376483.500000
pixel_per_meter= 0.001562
ppm_difference= 1.230854
