time= -552024414
phi= 0.075650
psi= 5.792264
theta= 0.203181
alt= 1997888.250000
course= 0.000000
speed= 0.000000
utm_east= 304796.656250
utm_north= 5376482.500000
pixel_per_meter= 0.001515
ppm_difference= 1.308603
