time= -551023834
phi= 0.214052
psi= 5.536141
theta= 0.094244
alt= 1997892.500000
course= 0.000000
speed= 0.000000
utm_east= 304796.281250
utm_north= 5376482.000000
pixel_per_meter= 0.001320
ppm_difference= 1.722942
