time= -550023193
phi= 0.256865
psi= 5.873146
theta= 0.018405
alt= 1997896.875000
course= 0.000000
speed= 0.000000
utm_east= 304795.906250
utm_north= 5376481.000000
pixel_per_meter= 0.001649
ppm_difference= 1.104349
