time= -625296875
phi= 0.036163
psi= 3.663827
theta= 0.033097
alt= 1997569.500000
course= 0.000000
speed= 0.000000
utm_east= 304824.968750
utm_north= 5376542.000000
pixel_per_meter= nan
ppm_difference= -0.217039
