time= -534007415
phi= 0.322482
psi= 1.935269
theta= -0.006528
alt= 1997966.625000
course= 0.000000
speed= 0.000000
utm_east= 304789.718750
utm_north= 5376468.000000
pixel_per_meter= nan
ppm_difference= -2.353433
