time= -533009491
phi= 0.320688
psi= 2.072322
theta= -0.023130
alt= 1997970.875000
course= 0.000000
speed= 0.000000
utm_east= 304789.312500
utm_north= 5376467.000000
pixel_per_meter= nan
ppm_difference= -0.898609
