time= -633270385
phi= 0.126546
psi= 1.524818
theta= 0.131509
alt= 1997558.000000
course= 0.000000
speed= 0.000000
utm_east= 304730.750000
utm_north= 5376588.500000
pixel_per_meter= 0.000078
ppm_difference= 489.613220
