time= -624308014
phi= -0.106429
psi= 3.588973
theta= 0.079171
alt= 1997573.750000
course= 0.000000
speed= 0.000000
utm_east= 304824.593750
utm_north= 5376541.000000
pixel_per_meter= nan
ppm_difference= -0.147148
