time= -622306060
phi= -0.164594
psi= 3.275102
theta= 0.112945
alt= 1997582.500000
course= 0.000000
speed= 0.000000
utm_east= 304823.812500
utm_north= 5376539.500000
pixel_per_meter= nan
ppm_difference= -0.018283
