time= -614298065
phi= 0.362553
psi= 3.512905
theta= -0.236349
alt= 1997617.250000
course= 0.000000
speed= 0.000000
utm_east= 304820.718750
utm_north= 5376533.000000
pixel_per_meter= nan
ppm_difference= -0.106153
