time= -613296661
phi= 0.452913
psi= 3.925516
theta= -0.072783
alt= 1997621.625000
course= 0.000000
speed= 0.000000
utm_east= 304820.343750
utm_north= 5376532.000000
pixel_per_meter= nan
ppm_difference= -0.906247
