time= -631333313
phi= 0.160607
psi= 2.048562
theta= 0.018988
alt= 1997558.000000
course= 0.000000
speed= 0.000000
utm_east= 304765.281250
utm_north= 5376572.500000
pixel_per_meter= nan
ppm_difference= -1.046816
