time= -598279724
phi= 0.067761
psi= 5.096252
theta= 0.028587
alt= 1997687.000000
course= 0.000000
speed= 0.000000
utm_east= 304814.531250
utm_north= 5376520.000000
pixel_per_meter= 0.000659
ppm_difference= 6.909513
