time= -591274566
phi= -0.772034
psi= 5.446005
theta= 0.142651
alt= 1997717.500000
course= 0.000000
speed= 0.000000
utm_east= 304811.843750
utm_north= 5376514.500000
pixel_per_meter= 0.001171
ppm_difference= 2.190916
