time= -588272522
phi= -0.861847
psi= 5.387515
theta= 0.627619
alt= 1997730.500000
course= 0.000000
speed= 0.000000
utm_east= 304810.687500
utm_north= 5376512.000000
pixel_per_meter= 0.000789
ppm_difference= 4.824812
