time= -577250457
phi= 1.232337
psi= 1.110126
theta= -0.083104
alt= 1997778.500000
course= 0.000000
speed= 0.000000
utm_east= 304806.406250
utm_north= 5376503.000000
pixel_per_meter= 0.000400
ppm_difference= 18.808750
