time= -576248840
phi= 1.033363
psi= 1.766981
theta= -0.376689
alt= 1997782.875000
course= 0.000000
speed= 0.000000
utm_east= 304806.031250
utm_north= 5376502.000000
pixel_per_meter= nan
ppm_difference= -13.925185
