time= -568041046
phi= 0.020482
psi= 5.296496
theta= -0.142230
alt= 1997818.500000
course= 0.000000
speed= 0.000000
utm_east= 304802.875000
utm_north= 5376495.500000
pixel_per_meter= 0.000967
ppm_difference= 3.215829
