time= -559029571
phi= 0.232762
psi= 5.146859
theta= -0.205326
alt= 1997857.750000
course= 0.000000
speed= 0.000000
utm_east= 304799.375000
utm_north= 5376488.000000
pixel_per_meter= 0.000718
ppm_difference= 5.824827
