time= -555026428
phi= -0.262630
psi= 5.563400
theta= -0.099500
alt= 1997875.125000
course= 0.000000
speed= 0.000000
utm_east= 304797.843750
utm_north= 5376485.000000
pixel_per_meter= 0.001344
ppm_difference= 1.663148
