time= -626312072
phi= 0.256970
psi= 3.226888
theta= -0.074886
alt= 1997565.000000
course= 0.000000
speed= 0.000000
utm_east= 304825.375000
utm_north= 5376542.500000
pixel_per_meter= nan
ppm_difference= -0.010264
