time= -548022491
phi= 0.210108
psi= 5.760313
theta= 0.326079
alt= 1997905.625000
course= 0.000000
speed= 0.000000
utm_east= 304795.125000
utm_north= 5376479.500000
pixel_per_meter= 0.001408
ppm_difference= 1.516218
