time= -544019531
phi= -0.351508
psi= 1.039734
theta= 0.123729
alt= 1997923.000000
course= 0.000000
speed= 0.000000
utm_east= 304793.562500
utm_north= 5376476.000000
pixel_per_meter= 0.000518
ppm_difference= 11.184174
