time= -539014679
phi= 0.016773
psi= 2.377759
theta= -0.201917
alt= 1997944.750000
course= 0.000000
speed= 0.000000
utm_east= 304791.656250
utm_north= 5376472.000000
pixel_per_meter= nan
ppm_difference= -0.153059
