time= -537011840
phi= -0.157134
psi= 2.328949
theta= -0.018555
alt= 1997953.500000
course= 0.000000
speed= 0.000000
utm_east= 304790.875000
utm_north= 5376470.500000
pixel_per_meter= nan
ppm_difference= -0.191658
